0 0.038332500000000005 0.09843250444049734 0.045 0.1583792184724689
0 0.10916500000000003 0.0969538188277087 0.04500000000000001 0.1583792184724689
0 0.07083249999999999 0.09769094138543517 0.03833250000000001 0.15689609236234456
11 0.135965 0.10538188277087034 0.03308749999999999 0.14321047957371225
11 0.1643 0.10571936056838366 0.03346749999999997 0.14523978685612787
11 0.19035249999999998 0.10741119005328596 0.029285000000000026 0.13916074600355238
11 0.2146925 0.10808614564831262 0.030045000000000016 0.13916074600355238
11 0.23884249999999999 0.11011101243339254 0.03498999999999998 0.1405106571936057
22 0.158405 0.2884502664298402 0.030805000000000006 0.13510657193605682
22 0.181415 0.28743783303730014 0.0311875 0.13172735346358794
22 0.2029025 0.2867628774422735 0.036129999999999995 0.13307726465364123
22 0.23142500000000002 0.2887877442273535 0.0270025 0.13578152753108347
22 0.253485 0.2894626998223801 0.03004499999999999 0.13307726465364123
33 0.0450675 0.279329484902309 0.04297750000000001 0.15064387211367672
33 0.08195999999999999 0.2773046181172291 0.037652500000000005 0.14929396092362346
33 0.11752 0.2810213143872114 0.041075000000000014 0.14861456483126112
43 0.0148325 0.27966696269982233 0.029665 0.14591474245115452
43 0.016924999999999996 0.47489786856127886 0.033847499999999996 0.1459147424511545
43 0.0136925 0.6755284191829485 0.0273825 0.14726465364120775
54 0.0513425 0.47422291296625224 0.04107499999999999 0.1432104795737122
54 0.08652249999999999 0.4738809946714032 0.036129999999999995 0.14523978685612784
54 0.019967500000000003 0.8656882770870338 0.037652500000000005 0.13713143872113684
54 0.05324500000000001 0.8667007104795736 0.040315000000000004 0.13780639431616348
54 0.08690250000000001 0.8646758436944938 0.038412499999999995 0.1364564831261102
54 0.1199925 0.8656882770870338 0.03841250000000001 0.1384813499111901
65 0.1207525 0.47253108348135 0.041454999999999985 0.14253552397868566
65 0.15517250000000002 0.4738809946714032 0.03727249999999998 0.14388543516873895
65 0.18978 0.4728685612788633 0.03879250000000002 0.14186056838365904
65 0.15384 0.8653507992895204 0.03841250000000002 0.13916074600355244
65 0.18807 0.8629884547069272 0.035370000000000006 0.13713143872113684
72 0.2224875 0.4738809946714032 0.03270749999999998 0.14523978685612784
72 0.25576750000000004 0.4735435168738899 0.03384750000000002 0.13780639431616343
72 0.2219175 0.8640008880994672 0.035370000000000006 0.1364564831261102
72 0.2553875 0.8602841918294849 0.03232749999999999 0.13578152753108358
73 0.0446875 0.6758658969804618 0.04145499999999999 0.143885435168739
73 0.0804375 0.6748534635879219 0.039172500000000006 0.14051065719360561
73 0.11523749999999999 0.6755284191829485 0.03727250000000001 0.14186056838365907
73 0.148705 0.6735035523978685 0.03803249999999997 0.14051065719360561
73 0.183695 0.6731660746003553 0.038032500000000025 0.13983570159857897
73 0.218305 0.6738410301953819 0.03499000000000001 0.14118561278863226
73 0.2508225 0.6728241563055062 0.03308749999999998 0.13916074600355235
1 0.27079000000000003 0.10065275310834812 0.036509999999999994 0.15942273534635878
1 0.3048275 0.10234458259325042 0.03689250000000004 0.15469804618117228
1 0.28239 0.28068383658969803 0.03689250000000004 0.14929396092362346
1 0.31642750000000003 0.2803463587921847 0.03575 0.15131882770870336
1 0.28847500000000004 0.4715186500888099 0.03384749999999997 0.14186056838365893
1 0.3215625 0.47084369449378327 0.03232749999999999 0.14456483126110123
1 0.28429000000000004 0.6687744227353464 0.034610000000000016 0.14186056838365907
1 0.31718999999999997 0.6691119005328596 0.03423000000000002 0.14118561278863226
1 0.3086325 0.8585968028419183 0.03232749999999999 0.14186056838365907
1 0.34058 0.8585968028419183 0.034610000000000016 0.14051065719360573
2 0.335825 0.10639431616341032 0.029664999999999962 0.15064387211367672
2 0.3614975 0.10605683836589697 0.027762500000000044 0.14591474245115454
2 0.3873575 0.10639431616341032 0.027002500000000054 0.1438854351687389
2 0.382035 0.28068383658969803 0.03384749999999997 0.15064387211367672
2 0.384695 0.46881882770870337 0.03004499999999996 0.13916074600355235
2 0.3856475 0.6643827708703375 0.029664999999999962 0.14253552397868552
2 0.37271499999999996 0.8619760213143872 0.02282000000000005 0.1324023090586146
2 0.3966775 0.8579218472468917 0.02282000000000005 0.13105239786856132
2 0.420065 0.8612966252220248 0.023200000000000047 0.12970248667850795
2 0.44326499999999996 0.8612966252220248 0.024720000000000027 0.13105239786856124
3 0.47064999999999996 0.8525177619893427 0.024720000000000027 0.1459147424511546
51 0.49499 0.8569094138543518 0.023200000000000047 0.13983570159857908
4 0.3516075 0.6647202486678508 0.034610000000000016 0.14726465364120775
4 0.3537 0.47016873889875666 0.03346749999999997 0.14456483126110123
4 0.35084750000000003 0.27966696269982233 0.035370000000000006 0.15131882770870336
5 0.41759500000000005 0.10200266429840141 0.03423000000000002 0.15401865008880997
5 0.4149325 0.2810213143872114 0.03499000000000001 0.14591474245115457
5 0.4158825 0.4698312611012433 0.03232749999999999 0.14253552397868557
5 0.4172125 0.6660701598579041 0.0311875 0.14051065719360561
5 0.5244650000000001 0.8575843694493784 0.029664999999999962 0.13983570159857908
6 0.4516325 0.10403197158081706 0.034610000000000016 0.15537300177619892
6 0.44935 0.281696269982238 0.03384749999999997 0.14726465364120783
6 0.44935 0.47084369449378327 0.0315675 0.1432104795737122
6 0.4518225 0.6660701598579041 0.03346749999999997 0.13916074600355235
7 0.5558425 0.8552175843694494 0.03156750000000011 0.13916074600355235
7 0.48510250000000005 0.6664076376554174 0.03232749999999999 0.14253552397868552
7 0.4809175 0.47016873889875666 0.03004499999999996 0.14051065719360567
7 0.48301 0.2830461811722913 0.03194749999999999 0.14456483126110123
7 0.48586250000000003 0.1033570159857904 0.03232749999999999 0.15131882770870336
8 0.51876 0.10436944937833037 0.03194749999999999 0.1533436944937833
8 0.5155275 0.2813587921847247 0.032327500000000044 0.14929396092362346
8 0.5147675 0.47016873889875666 0.03460999999999996 0.14186056838365893
8 0.518 0.6670825932504441 0.03270749999999998 0.13983570159857897
9 0.5516575 0.106056838365897 0.03156750000000011 0.1499689165186501
9 0.548995 0.28507104795737126 0.03156750000000011 0.14321047957371225
9 0.5457625 0.4715186500888099 0.0311875 0.13780639431616343
9 0.5516575 0.6697868561278862 0.03156750000000011 0.13713143872113684
10 0.584365 0.8629884547069272 0.02548250000000007 0.12226909413854348
10 0.6107975 0.865013321492007 0.026622499999999945 0.12497335701598582
10 0.5813225 0.6799200710479574 0.028525000000000092 0.1263232682060391
10 0.608705 0.6765408525754885 0.02548250000000007 0.12226909413854348
10 0.5748574999999999 0.482664298401421 0.026242500000000064 0.11956927175843694
10 0.60129 0.4830017761989343 0.026622499999999945 0.12159413854351685
10 0.57866 0.2935168738898757 0.027002500000000054 0.12497335701598582
10 0.6068049999999999 0.2948667850799289 0.02548250000000007 0.12362344582593254
10 0.5818925 0.11619005328596804 0.028904999999999972 0.12835257548845475
10 0.6100375 0.11551509769094138 0.025102499999999965 0.12970248667850795
12 0.653965 0.13544404973357016 0.06275250000000006 0.09119449378330373
40 0.6516825 0.32425399644760217 0.06123250000000007 0.06484902309058613
13 0.6524425 0.3107415630550622 0.06275250000000006 0.03917850799289521
13 0.6504099999999999 0.3395559502664298 0.059329999999999924 0.03174955595026643
40 0.643885 0.5086722912966252 0.0570474999999999 0.06214920071047959
13 0.643885 0.4968516873889876 0.05628749999999991 0.03715364120781531
13 0.643375 0.5273756660746004 0.058950000000000044 0.028370337477797457
40 0.6552374999999999 0.7010923623445825 0.06617499999999996 0.070253108348135
13 0.6530725 0.6840763765541741 0.06389499999999998 0.04526198934280632
13 0.6560549999999999 0.7177486678507993 0.0669375 0.03580373001776204
14 0.6575775 0.8640008880994672 0.06008999999999992 0.13916074600355244
15 0.69485 0.8545426287744228 0.0311875 0.14186056838365887
15 0.7235625 0.8552175843694494 0.028525000000000092 0.13916074600355235
16 0.700365 0.6772158081705151 0.023960000000000037 0.12226909413854348
17 0.73041 0.6809325044404974 0.02167750000000001 0.11349023090586143
17 0.7587425 0.6812699822380107 0.024339999999999917 0.1128152753108348
18 0.76616 0.8501509769094139 0.058190000000000054 0.1601021314387212
18 0.8232075 0.8515053285968027 0.057427500000000006 0.16145204262877438
44 0.79031 0.6610035523978686 0.029664999999999962 0.15604795737122562
44 0.8178825000000001 0.6610035523978686 0.024720000000000027 0.15739786856127888
19 0.68553 0.47253108348135 0.027762500000000044 0.1384813499111901
19 0.69656 0.2830461811722913 0.027762500000000044 0.1499689165186501
19 0.6975125000000001 0.1047069271758437 0.029664999999999962 0.15266873889875668
20 0.7271775 0.10301953818827708 0.0311875 0.15064387211367672
21 0.7568425 0.1033570159857904 0.029664999999999962 0.1499689165186501
23 0.785175 0.1016651865008881 0.027762500000000044 0.1492939609236234
23 0.7842250000000001 0.28237122557726463 0.028144999999999983 0.14591474245115457
23 0.7701525 0.4718561278863232 0.027382499999999935 0.13983570159857903
24 0.7264149999999999 0.28237122557726463 0.027382499999999935 0.14861456483126112
24 0.7553200000000001 0.2803463587921847 0.029664999999999962 0.14186056838365899
24 0.713865 0.47253108348135 0.028144999999999983 0.1384813499111901
24 0.7422000000000001 0.4711811722912966 0.028525000000000092 0.13983570159857903
25 0.8503999999999999 0.6566119005328597 0.04183500000000004 0.16888099467140327
25 0.8829175 0.6555994671403198 0.03156750000000011 0.1655062166962699
26 0.8688475 0.8501509769094139 0.03004500000000007 0.1601021314387212
27 0.9004125000000001 0.8565719360568383 0.03384750000000008 0.14726465364120786
28 0.912965 0.6961323268206039 0.026242500000000064 0.09254884547069275
28 0.9399675 0.6981571936056838 0.027002500000000054 0.09119449378330369
29 0.9698225 0.6785701598579041 0.029664999999999962 0.1344316163410303
29 0.9908049999999999 0.6772158081705151 0.018387500000000046 0.13172735346358797
30 0.926275 0.8690674955595027 0.01711500000000001 0.11011101243339246
30 0.9449099999999999 0.8710923623445826 0.023200000000000047 0.1128152753108348
31 0.9700125 0.8619760213143872 0.029285000000000082 0.14186056838365907
32 0.818455 0.10369449378330374 0.03955250000000001 0.14929396092362343
32 0.7990575 0.46949378330373 0.028904999999999972 0.1351065719360568
32 0.8296725 0.47084369449378327 0.028525000000000092 0.13916074600355235
34 0.8580075 0.10301953818827708 0.036509999999999994 0.15199378330373
34 0.89547 0.10099023090586146 0.036892499999999925 0.1492939609236234
34 0.93198 0.10099023090586146 0.03536999999999989 0.1492939609236234
36 0.96773 0.10099023090586146 0.036892499999999925 0.14793960923623445
35 0.8144600000000001 0.28068383658969803 0.0346099999999999 0.14253552397868563
35 0.8523025 0.281696269982238 0.03955250000000001 0.14726465364120783
35 0.8918550000000001 0.27966696269982233 0.03879250000000002 0.14726465364120778
35 0.9302675 0.279329484902309 0.03879250000000002 0.14658969804618116
35 0.96811 0.281696269982238 0.0346099999999999 0.14591474245115457
36 0.8631425 0.4721936056838366 0.03536999999999989 0.14051065719360567
36 0.8943274999999999 0.4698312611012433 0.03004500000000007 0.1384813499111901
36 0.926085 0.47084369449378327 0.03346749999999997 0.13780639431616343
36 0.9586024999999999 0.4698312611012433 0.03156750000000011 0.1384813499111901
37 0.9875075000000001 0.48030195381882773 0.023200000000000047 0.12294404973357011
38 0.3258875 0.8586056838365896 0.06664999999999997 0.1445559502664298
39 0.38622500000000004 0.8611012433392539 0.04840999999999997 0.13458703374777972
39 0.43288 0.8611012433392541 0.04770749999999998 0.13707815275310836
41 0.48339499999999996 0.8560923623445826 0.049112499999999955 0.1433081705150976
42 0.5419775 0.8561145648312611 0.06384500000000003 0.14206483126110117