0 0.0366675 0.10731349911190052 0.04 0.16726021314387213
0 0.06875 0.10361012433392541 0.04083250000000001 0.15985790408525755
0 0.1025 0.10731349911190052 0.04 0.17021758436944937
0 0.1425 0.10953374777975132 0.04 0.16281971580817053
11 0.1679175 0.11323268206039076 0.03583249999999998 0.14949822380106575
11 0.19583250000000002 0.13617673179396092 0.028332499999999983 0.10953374777975132
11 0.21625 0.11101243339253997 0.03083249999999998 0.14801509769094134
22 0.1775 0.2952930728241563 0.031667500000000015 0.14061722912966254
22 0.2083325 0.31379662522202484 0.026667500000000018 0.10065275310834816
22 0.2320825 0.3130550621669627 0.020832499999999983 0.11101243339253997
33 0.1520825 0.30417406749555953 0.03416750000000002 0.11397424511545297
33 0.1195825 0.29159413854351685 0.03916749999999999 0.15097690941385436
33 0.0804175 0.29159413854351685 0.04083250000000001 0.15393872113676735
33 0.045 0.2952930728241563 0.04333250000000001 0.15245559502664296
45 0.0175 0.29159413854351685 0.035 0.15985790408525755
45 0.02875 0.49067495559502666 0.030832499999999995 0.14949822380106575
54 0.059582500000000004 0.49955595026642985 0.035832499999999996 0.11989342806394317
54 0.09125 0.48327264653641205 0.04083250000000001 0.13765541740674955
54 0.12166750000000001 0.48549289520426286 0.040000000000000015 0.15097690941385436
54 0.06125 0.8851376554174067 0.03583250000000001 0.15097690941385436
54 0.09833249999999999 0.9021625222024867 0.03333250000000001 0.09621225577264657
54 0.13083250000000002 0.8755195381882771 0.04 0.15541740674955595
54 0.16625 0.8732992895204263 0.03583249999999998 0.14209591474245115
43 0.0495825 0.6912388987566608 0.0391675 0.14801509769094134
45 0.019582499999999996 0.6867984014209592 0.0325 0.15689609236234456
46 0.027917500000000005 0.8718161634103019 0.0475 0.16577708703374774
73 0.08 0.6904973357015985 0.04333250000000001 0.14949822380106575
73 0.11708249999999998 0.6793960923623446 0.037499999999999985 0.15393872113676735
73 0.15166749999999998 0.6845781527531084 0.045 0.15245559502664296
72 0.1866675 0.6823579040852575 0.031667500000000015 0.14209591474245115
72 0.22 0.6860568383658969 0.045 0.14357460035523975
72 0.2266675 0.49955595026642985 0.03 0.11397424511545297
65 0.16375 0.48475577264653646 0.03583249999999998 0.14653641207815277
65 0.19333250000000002 0.4869760213143872 0.035 0.14209591474245115
65 0.2004175 0.8703374777975134 0.03583249999999998 0.14505772646536416
65 0.2325 0.8755195381882771 0.038332499999999985 0.13469360568383656
47 0.24333249999999998 0.11841474245115453 0.03666749999999999 0.1391341030195382
47 0.2720825 0.11841474245115453 0.03083249999999998 0.13321492007104796
47 0.2529175 0.30343250444049735 0.03250000000000003 0.13617673179396095
47 0.2833325 0.30269538188277084 0.03333249999999998 0.12877442273534637
47 0.2570825 0.49215364120781524 0.0325 0.12877442273534637
47 0.285 0.49585701598579046 0.035 0.12729573712255776
47 0.2525 0.6904973357015985 0.035 0.12285523978685615
47 0.28375 0.6978996447602132 0.03083249999999998 0.13173623445825935
47 0.2641675 0.8769982238010657 0.026667500000000018 0.13469360568383656
47 0.29125 0.8821802841918295 0.02916750000000002 0.12137211367673176
10 0.30125 0.11841474245115453 0.0375 0.1361767317939609
10 0.30875 0.30491563055062165 0.0325 0.13321492007104796
10 0.3104175 0.49585701598579046 0.02916750000000002 0.11841474245115456
10 0.31 0.6949378330373002 0.03333249999999998 0.12877442273534637
10 0.3179175 0.8821802841918295 0.02916750000000002 0.13617673179396095
2 0.3341675 0.11175399644760212 0.03 0.15541740674955595
2 0.36166750000000003 0.1124911190053286 0.03333249999999998 0.16281971580817053
2 0.3854175 0.11693161634103019 0.0275 0.1657770870337478
2 0.4108325 0.11323268206039076 0.03 0.15837921847246894
2 0.4375 0.11027087033747782 0.03 0.15541740674955595
2 0.40541750000000004 0.2908525754884547 0.03083249999999998 0.15245559502664296
2 0.43875 0.29159413854351685 0.03416750000000002 0.15097690941385436
2 0.40291750000000004 0.4766119005328596 0.03083249999999998 0.15097690941385436
2 0.4354175 0.47883214920071043 0.03416750000000002 0.14949822380106575
4 0.3425 0.2908525754884547 0.035 0.15541740674955595
4 0.37333249999999996 0.29233126110124336 0.03333249999999998 0.15837921847246894
4 0.34 0.47957371225577267 0.03666750000000002 0.13913410301953816
4 0.37333249999999996 0.47957371225577267 0.031667500000000015 0.14801509769094134
38 0.3575 0.677917406749556 0.06666750000000002 0.16281971580817053
38 0.42416750000000003 0.6786545293072824 0.06833249999999998 0.14949822380106575
49 0.35625 0.8695959147424511 0.04416750000000002 0.14357460035523975
41 0.4075 0.8732992895204263 0.055 0.14801509769094134
42 0.5433325 0.8658969804618117 0.06166750000000002 0.14801509769094134
48 0.4783325 0.8725577264653641 0.065 0.14949822380106575
5 0.465 0.10953374777975132 0.03666750000000002 0.15985790408525755
5 0.47208249999999996 0.2908525754884547 0.03583249999999998 0.15541740674955595
5 0.4766675 0.4817939609236234 0.031667500000000015 0.14653641207815277
5 0.4758325 0.6801376554174068 0.03333249999999998 0.15245559502664296
5 0.5270825 0.866638543516874 0.02916750000000002 0.14653641207815277
6 0.4616675 0.8688587921847247 0.03333249999999998 0.13617673179396095
6 0.5079175 0.6808747779751332 0.03416750000000002 0.14505772646536416
6 0.5091675 0.47957371225577267 0.04 0.15393872113676735
6 0.5045824999999999 0.2908525754884547 0.03416750000000002 0.15245559502664296
6 0.5041675 0.11397424511545294 0.04 0.15985790408525755
7 0.53875 0.1124911190053286 0.039167500000000015 0.16281971580817053
7 0.5408324999999999 0.28789076376554174 0.035 0.15541740674955595
7 0.54375 0.4766119005328596 0.03416750000000002 0.14505772646536416
7 0.5429175 0.6786545293072824 0.03583249999999998 0.14949822380106575
7 0.4945825 0.8710790408525755 0.03583249999999998 0.14949822380106575
7 0.55625 0.8651554174067495 0.03416750000000002 0.13765541740674955
50 0.3441675 0.8740364120781527 0.025 0.13765541740674955
50 0.3670825 0.8732992895204263 0.02416750000000002 0.13913410301953816
3 0.395 0.8703374777975134 0.03 0.15393872113676735
51 0.41875 0.866638543516874 0.02583249999999998 0.14949822380106575
8 0.5770824999999999 0.11249111900532861 0.0375 0.15985790408525755
8 0.5733325 0.29159413854351685 0.03666750000000002 0.15393872113676735
8 0.57875 0.4817939609236234 0.0375 0.14061722912966254
8 0.5766675 0.6793960923623446 0.035 0.14209591474245115
9 0.6129175 0.11101243339253997 0.03583249999999998 0.15985790408525755
9 0.6075 0.2952930728241563 0.035 0.14949822380106575
9 0.6095825 0.48327264653641205 0.03416750000000002 0.12877442273534637
9 0.6066675 0.6823579040852575 0.031667500000000015 0.13913410301953816
52 0.59375 0.8644182948490231 0.03583249999999998 0.14801509769094134
52 0.625 0.8695959147424511 0.03 0.14357460035523975
53 0.6520825 0.12507548845470692 0.0475 0.1258126110124334
53 0.64375 0.30417406749555953 0.04416750000000002 0.12877442273534637
55 0.6941675 0.11767317939609236 0.038332499999999985 0.14061722912966254
55 0.6854175 0.30565275310834816 0.0375 0.12285523978685615
55 0.6479175 0.4980772646536412 0.0375 0.11101243339253997
55 0.6829175000000001 0.49659413854351686 0.03416750000000002 0.10509325044404977
55 0.6404175 0.6875355239786856 0.04416750000000002 0.12877442273534637
55 0.6775 0.6919760213143872 0.04166750000000002 0.12581261101243335
55 0.655 0.8799600355239787 0.045 0.11693161634103016
55 0.69125 0.8725577264653641 0.0425 0.12581261101243335
56 0.7295825 0.8792184724689165 0.0475 0.12729573712255776
56 0.7154175 0.6904973357015985 0.04083249999999998 0.12877442273534637
56 0.7170825 0.48549289520426286 0.03583249999999998 0.12729573712255776
56 0.7195825 0.2952930728241563 0.0375 0.14061722912966254
56 0.7370825 0.11323268206039076 0.039167500000000015 0.13765541740674955
57 0.7541675 0.28937388987566603 0.03 0.14653641207815277
57 0.7670825 0.10879218472468917 0.02583249999999998 0.15245559502664296
57 0.7508325 0.47883214920071043 0.026667500000000018 0.14061722912966254
20 0.7979175000000001 0.108050621669627 0.02916750000000002 0.16281971580817053
20 0.7845825 0.29011101243339255 0.0275 0.14505772646536416
24 0.78 0.47883214920071043 0.026667500000000018 0.14357460035523975
24 0.8083325 0.4817939609236234 0.026667500000000018 0.13765541740674955
23 0.8279175 0.11101243339253997 0.02916750000000002 0.15689609236234456
23 0.8141675 0.29011101243339255 0.031667500000000015 0.15393872113676735
35 0.8408325 0.47883214920071043 0.03666750000000002 0.13469360568383656
35 0.8741675 0.4758747779751332 0.035 0.14357460035523975
35 0.91375 0.4817939609236234 0.04083249999999998 0.14061722912966254
35 0.94875 0.47809502664298403 0.03583249999999998 0.14209591474245115
58 0.98375 0.4706927175843694 0.02916750000000002 0.15985790408525755
36 0.8854175 0.2871536412078153 0.03416750000000002 0.14209591474245115
34 0.9241675 0.2886323268206039 0.038332499999999985 0.14505772646536416
34 0.9620825 0.2871536412078153 0.04083249999999998 0.15097690941385436
32 0.8608325 0.1036101243339254 0.04 0.15689609236234459
44 0.8179175 0.6727353463587922 0.0225 0.16133658969804615
44 0.845 0.6756971580817052 0.02333249999999998 0.15837921847246894
44 0.8220824999999999 0.8673756660746004 0.0225 0.15097690941385436
44 0.8454175 0.8651554174067495 0.0225 0.15837921847246894
25 0.875 0.8629351687388988 0.031667500000000015 0.15689609236234456
26 0.91 0.8644182948490231 0.035 0.15097690941385436
27 0.94375 0.8725577264653641 0.03416750000000002 0.14949822380106575
17 0.8995825 0.6949378330373002 0.02416750000000002 0.11693161634103016
59 0.8654175000000001 0.7141785079928952 0.019167500000000018 0.08436944937833037
59 0.8793925 0.7140097690941386 0.01646250000000009 0.08139875666074597
60 0.872495 0.7124289520426288 0.032035000000000084 0.08772202486678517
61 0.9287775 0.6835879218472469 0.03515000000000009 0.1469893428063943
62 0.96593 0.6839831261101244 0.03559500000000003 0.1477797513321493
71 0.9717125 0.8803641207815275 0.027585000000000037 0.13434724689165195
63 0.763045 0.8736456483126112 0.032924999999999954 0.14303730017761995
64 0.7941875 0.8724600355239788 0.032035000000000084 0.14067051509769102
66 0.749695 0.6697557726465364 0.032924999999999954 0.16674955595026641
67 0.7864025 0.6709413854351688 0.03515000000000009 0.1675399644760214
68 0.8393474999999999 0.2880550621669627 0.02091249999999991 0.13988010657193606
69 0.93523 0.10708259325044404 0.032035000000000084 0.15252220248667853
69 0.9692649999999999 0.1047113676731794 0.03515000000000009 0.1572646536412078
70 0.8985225 0.10352575488454706 0.03781750000000011 0.162797513321492
1 0.34041750000000004 0.6830950266429839 0.03416750000000002 0.15837921847246894
1 0.3745825 0.6786545293072824 0.03083249999999998 0.14357460035523975
1 0.4058325 0.677917406749556 0.035 0.14209591474245115
1 0.44125 0.6793960923623446 0.039167500000000015 0.14209591474245115